xxxiv

6111116,66111111611666166 66161161166616, 1611616161
661 116116, 1661616 di consaguirlo 66116 6111, 61616
66666 1611661616666. Μ611611616166 161 8611166611
(1661166616, 6 1161166616 ὁ 16666666 616666 161
bello.

111161 66611, 6666111 66116 gaia 66116 6666161666,
616 quella, 661 6111661661111661166, 1111611616, 0
66116 6616 161 Vaticano, 16] Ρ66161166, 0 16061-
116611 aspiranti al 16616 11 Μ6666611, 116 gli studi
61616616 1111161666 161616 1116. Ε 1661616 66-
616 111116 166616 61 6661 16 1616 6611616616 ispi·
razioni.

Ε 66116 1616 11116116 61661666 666166616 16111·

1116, 616161616 16116 61666166 6611611111, 661 161
Ι luogo 61166616, 6116 661116, 6 6161666 666616 6 di·
66616.

*³⁸*

Τ6166 61 116 6166616616, 6 6111 ho 166111 11616-
mente accennatoz 6116 666616 religiosa 161 11116661·
1661116.

0111616 0111111116 161 vida 6 ilde Parta Vir-
611116 (161 8666666616, 66661166611, 661166166166-
61666 (161 16166, 66111 66161116 (16116 imagini, 16 16-
116111 6 16 661166166616116161616, 11661616116 161
61611661 11666666 1611616116, 11 periodo del 1166-
661166616 61616666 1111 61161616 6666166161616 1111-
116116 d’argomento religioso.

 

